575.28
569.20
562.12
519.98
567.00
554.90
544.66
556.54
536.10
532.52
536.44
540.95
530.60
492.55
496.18
500.87
501.79
508.08
596.08
589.27
573.10
584.77
579.95
581.35
583.10
575.62
556.33
545.06
569.74
556.36
564.95
578.65
564.62
577.24
576.00
511.00
543.14
538.15
581.13
567.16
496.17
502.68
501.10
501.96
513.87
564.14
524.81
575.06
558.81
587.37
560.36
587.99
555.17
558.78
570.19
527.93
576.36
531.35
515.14
509.96
527.81
518.73
590.60
585.61
565.95
593.35
589.02
594.74
595.98
589.47
544.28
543.01
560.55
558.84
551.35
551.76
526.66
582.67
553.37
554.90
583.37
533.09
517.15
528.86
577.36
527.83
531.00
522.76
527.58
528.48
529.24
520.63
579.18
529.92
571.60
587.42
552.70
525.16
527.70
581.01
516.18
542.04
526.94
534.81
528.62
580.20
531.91
582.16
586.86
542.87
539.70
562.73
574.78
542.84
567.88
535.97
536.94
549.01
542.93
566.07
582.34
584.73
582.25
571.09
576.08
558.46
537.50
534.83
541.08
539.27
540.37
541.83
568.77
563.36
566.37
571.60
538.95
581.98
526.98
533.37
536.09
543.87
555.48
558.40
533.75
531.32
529.77
533.80
565.07
573.15
537.31
525.26
573.73
582.66
584.78
584.87
548.90
549.33
544.94
540.77
539.78
532.71
543.98
520.84
526.54
544.40
536.51
547.49
550.29
547.31
545.38
571.10
535.03
518.63
530.42
553.93
561.68
577.33
560.08
516.35
511.10
589.72
528.34
526.06
518.66
513.80
504.89
495.39
559.89
553.90
577.94
559.08
550.31
586.08
575.33
559.99
573.37
574.65
573.48
582.56
559.50
557.99
571.00
530.33
534.52
524.51
528.77
547.32
534.03
551.18
554.51
550.84
524.87
530.59
568.27
570.08
575.28
577.35
563.74
572.50
560.88
595.08
577.10
536.99
538.94
584.49
577.86
568.85
526.40
535.21
518.04
506.90
539.95
534.39
573.64
571.34
510.66
510.00
567.68
511.17
555.51
530.03
537.94
533.21
544.49
555.22
556.97
526.65
541.01
555.01
545.92
554.11
